&INDATA
  ! ATF configuration from Hirshman and Whitson 1983
  MGRID_FILE = 'none'
  LFREEB = F
  DELT =   9.00E-01
  TCON0 =   2.00E+00
  LASYM = F
  NFP =    12
  NCURR =    0
  MPOL =   9
  NTOR =   3
  NS_ARRAY = 16  32 64 128
  NITER_ARRAY = 4000  2000 4000 20000
  FTOL_ARRAY = 1E-06  1E-08 1E-10 1E-12
  NITER = 5000
  NSTEP =  250
  NVACSKIP =    6
  GAMMA =   0.000000E+00
  PHIEDGE =   1.00000000000000E+00
  BLOAT =   1.000000E+00
  CURTOR =   0.00000000000000E+00
  SPRES_PED =   1.00000000000000E+00
  PRES_SCALE = 2.0E+06
  PMASS_TYPE = "power_series"
  AM =  1 -2 1
  AI = 0.35 0.65
  RAXIS =   2.00 0.00
  ZAXIS =   0.00000000000000E+00
  RBC( 0,0) =  2.050    ZBS( 0,0) =  0.000
  RBC( 0,1) =  0.290    ZBS( 0,1) =  0.290
  RBC(-1,1) = -0.090    ZBS(-1,1) =  0.090
  RBC( 0,2) =  0.025    ZBS( 0,2) =  0.00675
  RBC(-1,2) = -0.025    ZBS(-1,2) = -0.00675
/
&THRIFT_INPUT
  !---------- GENERAL PARAMETERS ------------
  NPARALLEL_RUNS = 1
  BOOTSTRAP_TYPE = 'simple'
  JTOL = 0.01
  NPICARD = 10
  PICARD_FACTOR = 0.75
  LVERBJ = F
  !---------- GRID PARAMETERS ------------
  NRHO = 1024
  NTIMESTEPS = 201
  TSTART = 0
  TEND = 2
  ! BOOZER TRANSFORM
  !---------- BOOZER TRANSFORMATION ------------
  MBOZ = 32
  NBOZ = 16
  !---------- ECCD PARAMETERS ------------
  ECCD_TYPE = 'model'
  PECRH_AUX_T = 0.0 1.0 
  PECRH_AUX_F = 10E3 10E3
/
&BOOTIN 
   MBUSE   =  32
   NBUSE   =  16
   DAMP_BS = 0.1
   ISYMM0  =  0
/
&END

