&INDATA
!----- Runtime Parameters -----
  DELT =  1.00000000000000E+00
  NITER = 20000
  NSTEP = 200
  TCON0 =  1.00000000000000E+00
  NS_ARRAY =  16  32  64  128
  FTOL_ARRAY =  1.0E-30  1.0E-30  1.0E-30  1.0E-20
  NITER_ARRAY = 1000 2000 4000 20000
!----- Grid Parameters -----
  LASYM = F
  NFP = 1
  MPOL = 2
  NTOR = 0
  PHIEDGE =  6.28
  PHIEDGE = 15.7
!----- Free Boundary Parameters -----
  LFREEB = F
!----- Pressure Parameters -----
  GAMMA =  0.00000000000000E+00
  BLOAT =  0.00000000000000E+00
  SPRES_PED =  0.00000000000000E+00
  PRES_SCALE = 0.00000000000000E+00
  PMASS_TYPE = 'power_series'
  AM =  1.00000000000000E+00 -1.00000000000000E+00  0.00000000000000E+00
        0.00000000000000E+00 -1.00000000000000E+00  1.00000000000000E+00
!----- Current/Iota Parameters -----
  NCURR = 0
  PIOTA_TYPE = 'power_series'
  AI =  1.0  -0.25 -0.50
!----- Axis Parameters -----
  RAXIS =  1.00000000000000E+01
  ZAXIS =  0.00000000000000E+00
!----- Boundary Parameters -----
RBC(  0,  0) =  1.0000000000e+01  ZBS(  0,  0) =  0.0000000000e+00
RBC(  0,  1) =  1.0000000000e+00  ZBS(  0,  1) =  1.0000000000e+00
!RBC(  1,  1) =  5.0000000000e-05  ZBS(  1,  1) = -5.0000000000e-05
!RBC(  1,  2) =  0.0000000000e+00  ZBS(  1,  2) =  0.0000000000e+00
!RBC(  1,  3) =  5.0000000000e-05  ZBS(  1,  3) =  5.0000000000e-05
!----- Created by write_vmec 13-Jan-2012 15:12:17 -----
/
&BEAMS3D_INPUT
  NR = 128
  NZ = 128
  NPHI = 32
  RMIN =   9.00
  RMAX =  11.00
  ZMIN =  -1.00
  ZMAX =   1.00
  PHIMIN =  0.00000000000000E+00
  PHIMAX =  6.28318530718
  INT_TYPE = 'LSODE'
  FOLLOW_TOL =  1.00000000000000E-08
  VC_ADAPT_TOL =  1.00E-03
  NPARTICLES_START = 524288
  NE_AUX_S =     0.0     0.2     0.4     0.6     0.8    1.0
  NE_AUX_F =  1.0E20  1.0E20  1.0E20  0.7E20  0.2E20 0.1E20
  TE_AUX_S =     0.0     0.2     0.4     0.6     0.8    1.0
  TE_AUX_F =  1.0E04  0.8E04  0.6E04  0.4E04  0.2E04 0.0E04
  TI_AUX_S =     0.0     0.2     0.4     0.6     0.8    1.0
  TI_AUX_F =  1.0E04  0.8E04  0.6E04  0.4E04  0.2E04 0.0E04
  T_END_IN = 40*1.0E-8
/
