&BEAMS3D_INPUT
  ! NR and NZ default to EQDSK Values
  NPHI = 36
  ! R/Z MIN/MAX default to EQDSK Values
  PHIMIN =  0.00000000000000E+00
  PHIMAX =  6.28318530718
  INT_TYPE = 'LSODE'
  FOLLOW_TOL =  1.00000000000000E-08
  VC_ADAPT_TOL =  1.00E-03
  NPOINC = 3
  NE_AUX_S =     0.0     0.2     0.4     0.6     0.8    1.0
  NE_AUX_F =  7.0E19  5.4E19  4.8E19  4.5E19  4.4E19 1.8E19
  NE_AUX_F =  7.0E19  5.4E19  4.8E19  4.5E19  4.4E19 0.0E19
  TE_AUX_S =     0.0     0.2     0.4     0.6     0.8    1.0
  TE_AUX_F =  4.0E03  2.0E03  1.5E03  1.1E03  0.8E03 0.1E03
  TI_AUX_S =     0.0     0.2     0.4     0.6     0.8    1.0
  TI_AUX_F =  4.8E03  2.3E03  1.6E03  1.3E03  1.0E03 0.3E03
  T_END_IN = 6*1.0E-3
  NPARTICLES_START = 16384
  ! BEAM PARAMETERS
  R_BEAMS(1,1)    =  8.2250   R_BEAMS(1,2)   =  7.2298
  Z_BEAMS(1,1)    =  0.0   Z_BEAMS(1,2)   =  0.0
  PHI_BEAMS(1,1)  =  0.8753   PHI_BEAMS(1,2) =  0.8880
  MASS_BEAMS(1)   =  1.67300000000000E-27
  CHARGE_BEAMS(1) =  1.60200000000000E-19
  E_BEAMS(1)      =  9.6130597200E-15 ! 60keV
  P_BEAMS(1)      =  1.0E6 ! 1 MW
  DIV_BEAMS(1)    =  1.00000000000000E-02
  ASIZE_BEAMS(1)  =  1.50000000000000E-01
  ADIST_BEAMS(1)  =  0.25
  R_BEAMS(2,1)    =  8.2250   R_BEAMS(2,2)   =  7.2298
  Z_BEAMS(2,1)    =  0.0   Z_BEAMS(2,2)   =  0.0
  PHI_BEAMS(2,1)  =  0.8753   PHI_BEAMS(2,2) =  0.8880
  MASS_BEAMS(2)   =  1.67300000000000E-27
  CHARGE_BEAMS(2) =  1.60200000000000E-19
  E_BEAMS(2)      =  4.8065298600E-15 ! 30keV
  P_BEAMS(2)      =  1.0E6 ! 1 MW
  DIV_BEAMS(2)    =  1.00000000000000E-02
  ASIZE_BEAMS(2)  =  1.50000000000000E-01
  ADIST_BEAMS(2)  =  0.25
  R_BEAMS(3,1)    =  8.2250   R_BEAMS(3,2)   =  7.2298
  Z_BEAMS(3,1)    =  0.0   Z_BEAMS(3,2)   =  0.0
  PHI_BEAMS(3,1)  =  0.8753   PHI_BEAMS(3,2) =  0.8880
  MASS_BEAMS(3)   =  1.67300000000000E-27
  CHARGE_BEAMS(3) =  1.60200000000000E-19
  E_BEAMS(3)      =  3.2043532400E-15 ! 20keV
  P_BEAMS(3)      =  1.0E6 ! 1 MW
  DIV_BEAMS(3)    =  1.00000000000000E-02
  ASIZE_BEAMS(3)  =  1.50000000000000E-01
  ADIST_BEAMS(3)  =  0.25
  R_BEAMS(4,1)    =  8.2246   R_BEAMS(4,2)   = 7.2294
  Z_BEAMS(4,1)    =  0.0   Z_BEAMS(4,2)   =  0.0
  PHI_BEAMS(4,1)  =  5.0639   PHI_BEAMS(4,2) = -1.2066
  MASS_BEAMS(4)   =  1.67300000000000E-27
  CHARGE_BEAMS(4) =  1.60200000000000E-19
  E_BEAMS(4)      =  9.6130597200E-15 ! 60keV
  P_BEAMS(4)      =  1.0E6 ! 1 MW
  DIV_BEAMS(4)    =  1.00000000000000E-02
  ASIZE_BEAMS(4)  =  1.50000000000000E-01
  ADIST_BEAMS(4)  =  0.25
  R_BEAMS(5,1)    =  8.2246   R_BEAMS(5,2)   = 7.2294
  Z_BEAMS(5,1)    =  0.0   Z_BEAMS(5,2)   =  0.0
  PHI_BEAMS(5,1)  =  5.0639   PHI_BEAMS(5,2) = -1.2066
  MASS_BEAMS(5)   =  1.67300000000000E-27
  CHARGE_BEAMS(5) =  1.60200000000000E-19
  E_BEAMS(5)      =  4.8065298600E-15 ! 30keV
  P_BEAMS(5)      =  1.0E6 ! 1 MW
  DIV_BEAMS(5)    =  1.00000000000000E-02
  ASIZE_BEAMS(5)  =  1.50000000000000E-01
  ADIST_BEAMS(5)  =  0.25
  R_BEAMS(6,1)    =  8.2246   R_BEAMS(6,2)   = 7.2294
  Z_BEAMS(6,1)    =  0.0   Z_BEAMS(6,2)   =  0.0
  PHI_BEAMS(6,1)  =  5.0639   PHI_BEAMS(6,2) = -1.2066
  MASS_BEAMS(6)   =  1.67300000000000E-27
  CHARGE_BEAMS(6) =  1.60200000000000E-19
  E_BEAMS(6)      =  3.2043532400E-15 ! 20keV
  P_BEAMS(6)      =  1.0E6 ! 1 MW
  DIV_BEAMS(6)    =  1.00000000000000E-02
  ASIZE_BEAMS(6)  =  1.50000000000000E-01
  ADIST_BEAMS(6)  =  0.25

/
