&INDATA
! EXTCUR(01) = 6.52271941985300E+05
! EXTCUR(02) = 6.51868569367400E+05
! EXTCUR(03) = 5.37743588647300E+05
! EXTCUR(04) = 0.00000000000000E+00
! EXTCUR(05) = 0.00000000000000E+00
! EXTCUR(06) = 2.80949750000000E+04
 EXTCUR(07) =-5.48049500000000E+04
! EXTCUR(08) = 3.01228950000000E+04
 EXTCUR(09) = 9.42409100000000E+04
 EXTCUR(10) = 4.55138737653200E+04
 EXTCUR(01) = 6.52271941985300E+05
 EXTCUR(02) = 6.52271941985300E+05
 EXTCUR(03) = 6.52271941985300E+05
/ 
&FIELDLINES_INPUT
 NR = 128
 NZ = 128
 NPHI = 30
 RMIN = 0.436
 RMAX = 2.436
 ZMIN = -1.0
 ZMAX = 1.0
 PHIMIN = 0.0
 PHIMAX = 2.09439510239
 MU = 0.0
 R_START   = 1.50  2.00
 Z_START   = 0.00  0.00
 PHI_START = 0.00  0.00
 PHI_END   = 2*6283.0
 NPOINC    = 8
 INT_TYPE  = 'LSODE'
 FOLLOW_TOL = 1.0E-9
 VC_ADAPT_TOL = 1.0E-7
&END
