&INDATA
! EXTCUR(01) = 6.52271941985300E+05
! EXTCUR(02) = 6.51868569367400E+05
! EXTCUR(03) = 5.37743588647300E+05
! EXTCUR(04) = 0.00000000000000E+00
! EXTCUR(05) = 0.00000000000000E+00
! EXTCUR(06) = 2.80949750000000E+04
 EXTCUR(07) =-5.48049500000000E+04
! EXTCUR(08) = 3.01228950000000E+04
 EXTCUR(09) = 9.42409100000000E+04
 EXTCUR(10) = 4.55138737653200E+04
 EXTCUR(01) = 6.52271941985300E+05
 EXTCUR(02) = 6.52271941985300E+05
 EXTCUR(03) = 6.52271941985300E+05
/ 
&FIELDLINES_INPUT
 NR = 128
 NZ = 128
 NPHI = 178
 RMIN = 1.0
 RMAX = 2.4
 ZMIN = -1.0
 ZMAX = 1.0
 PHIMIN = 0.0
 PHIMAX = 6.2831853072
 MU = 1.0E-5
 NPOINC    = 120
 INT_TYPE  = 'LSODE'
 FOLLOW_TOL = 1.0E-9
  PHI_END = 8192*6.2831853072E+04         
 ERRORFIELD_AMP(1) = 1.0E-3
 ERRORFIELD_PHASE(1) = 1.0471975512
/
